58661
58434
58609
58658
58508
58607
58498
58408
58643
58639
58377
58485
58623
58633
58620
58434
58319
58495
58331
58543
58507
58421
58658
58520
58323
58607
58649
58557
58385
58498
58661
58567
58626
58325
58521
58544
58508
58630
58309
58578
58609
58322
58645
58335
58379
58408
58660
58643
58311
58383
58492
58330
58646
58541
58656
58534
58354
58621
58593
58597
58474
58574
58647
58343
58308
58360
58428
58553
58602
58461
58414
58409
58397
58351
58449
58387
58458
58493
58537
58422
58641
58545
58525
58648
58346
58451
58514
58425
58407
58659
58540
58610
58603
58486
58644
58440
58561
58366
58570
58415
58598
58596
58389
58476
58467
58500
58431
58356
58465
58579
58417
58640
58657
58530
58468
58396
58393
58375
58573
58363
58446
58614
58577
58555
58627
58529
58424
58460
58654
58480
58636
58560
58512
58592
58418
58327
58378
58384
58300
58355
58295
58538
58320
58628
58296
58511
58312
58619
58394
58504
58445
58651
58471
58518
58457
58469
58304
58615
58349
58475
58337
58412
58522
58462
58439
58420
58527
58307
58359
58533
58655
58305
58505
58441
58612
58453
58290
58336
58388
58338
58386
58454
58372
58503
58559
58368
58374
58510
58357
58433
58482
58423
58403
58551
58601
58562
58490
58332
58552
58370
58463
58524
58450
58590
58333
58402
58479
58362
58401
58536
58329
58358
58365
58564
58350
58411
58491
58528
58348
58625
58532
58589
58429
58369
58653
58447
58373
58642
58611
58576
58586
58558
58502
58617
58328
58361
58342
58634
58470
58652
58556
58594
58318
58483
58605
58600
58549
58413
58391
58568
58631
58353
58299
58404
58572
58472
58637
58398
58344
58550
58380
58582
58501
58435
58499
58459
58448
58430
58324
58575
58367
58292
58549
58459
58470
58634
58652
58556
58631
58398
